1592508
1593761
1595597
1592543
1595752
1595763
1595760
1595698
1595738
1595747
1595120
1597037
1597038
1597040
1597042
1597045
1597115
1597033
1593353
1593357
1593361
1578849
1597030
1597032
1597035
1597036
1597028
1597029
1593356
1593360
1578850
1597019
1597021
1597022
1597024
1597025
1597027
1593355
1597018
1597017
1597541
1597012
1597015
1593351
1593354
1589877
1596989
1597013
1596999
1578845
1593350
1597001
1596994
1596995
1596972
1593347
1596965
1596969
1596916
1597424
1596973
1597431
1596984
1596986
1596979
1593348
1596987
1592578
1597507
1597007
1579570
1596954
1596947
1588907
1588896
1588884
1585115
1596957
1593346
1596948
1595107
1596964
1596958
1592589
1596961
1589675
1596653
1596932
1595068
1596945
1596941
1596938
1596936
1596933
1596944
1596949
1596882
1587964
1587933
1587925